16 25
24 19 20 23 1 6 9 22 10 13 15 17 16 7 14 12 25 18 5 21 8 4 3 2 11 
22 9 13 6 10 3 8 4 11 2 24 20 1 19 23 14 15 7 16 17 18 25 12 21 5 
15 7 17 14 16 23 19 24 1 20 25 21 5 18 12 3 4 8 11 2 9 22 6 13 10 
4 8 2 3 11 12 18 25 5 21 22 13 10 9 6 23 24 19 1 20 7 15 14 17 16 
25 18 21 12 5 14 7 15 16 17 4 2 11 8 3 6 22 9 10 13 19 24 23 20 1 
2 3 1 24 8 22 12 21 18 10 13 16 9 6 15 25 20 23 19 5 14 17 4 11 7 
17 14 11 4 7 25 23 20 19 5 21 10 18 12 22 24 2 3 8 1 6 13 15 16 9 
13 6 16 15 9 24 3 2 8 1 20 5 19 23 25 4 17 14 7 11 12 21 22 10 18 
21 12 10 22 18 4 14 17 7 11 2 1 8 3 24 15 13 6 9 16 23 20 25 5 19 
20 23 5 25 19 15 6 13 9 16 17 11 7 14 4 22 21 12 18 10 3 2 24 1 8 
1 24 19 20 3 13 22 10 12 9 16 7 6 15 17 21 5 25 23 18 4 11 2 8 14 
16 15 7 17 6 20 24 1 3 19 5 18 23 25 21 2 11 4 14 8 22 10 13 9 12 
10 22 9 13 12 2 4 11 14 8 1 19 3 24 20 17 16 15 6 7 25 5 21 18 23 
11 4 8 2 14 21 25 5 23 18 10 9 12 22 13 20 1 24 3 19 15 16 17 7 6 
5 25 18 21 23 17 15 16 6 7 11 8 14 4 2 13 10 22 12 9 24 1 20 19 3 
9 13 6 16 22 1 2 8 4 3 19 23 24 20 5 11 7 17 15 14 21 18 10 12 25 
8 2 3 1 4 10 21 18 25 12 9 6 22 13 16 5 19 20 24 23 17 7 11 14 15 
7 17 14 11 15 5 20 19 24 23 18 12 25 21 10 1 8 2 4 3 13 9 16 6 22 
19 20 23 5 24 16 13 9 22 6 7 14 15 17 11 10 18 21 25 12 2 8 1 3 4 
18 21 12 10 25 11 17 7 15 14 8 3 4 2 1 16 9 13 22 6 20 19 5 23 24 
14 11 4 8 17 18 5 23 20 25 12 22 21 10 9 19 3 1 2 24 16 6 7 15 13 
12 10 22 9 21 8 11 14 17 4 3 24 2 1 19 7 6 16 13 15 5 23 18 25 20 
6 16 15 7 13 19 1 3 2 24 23 25 20 5 18 8 14 11 17 4 10 12 9 22 21 
23 5 25 18 20 7 16 6 13 15 14 4 17 11 8 9 12 10 21 22 1 3 19 24 2 
3 1 24 19 2 9 10 12 21 22 6 15 13 16 7 18 23 5 20 25 11 14 8 4 17 
